Point(1) = {1.5, 0.0, 0, 0.05};
Point(2) = {1.4976885, 0.000336, 0, 0.05};
Point(3) = {1.490766, 0.0013365, 0, 0.05};
Point(4) = {1.4792775, 0.002985, 0, 0.05};
Point(5) = {1.463292, 0.0052515, 0, 0.05};
Point(6) = {1.44291, 0.0080985, 0, 0.05};
Point(7) = {1.4182545, 0.0114765, 0, 0.05};
Point(8) = {1.38948, 0.0153315, 0, 0.05};
Point(9) = {1.356762, 0.0196065, 0, 0.05};
Point(10) = {1.3203045, 0.024237, 0, 0.05};
Point(11) = {1.2803295, 0.029157, 0, 0.05};
Point(12) = {1.237086, 0.0343035, 0, 0.05};
Point(13) = {1.1908395, 0.0396075, 0, 0.05};
Point(14) = {1.1418735, 0.045, 0, 0.05};
Point(15) = {1.0904925, 0.050415, 0, 0.05};
Point(16) = {1.037013, 0.055782, 0, 0.05};
Point(17) = {0.981762, 0.061029, 0, 0.05};
Point(18) = {0.9250845, 0.0660825, 0, 0.05};
Point(19) = {0.8673255, 0.070863, 0, 0.05};
Point(20) = {0.808845, 0.075294, 0, 0.05};
Point(21) = {0.75, 0.079293, 0, 0.05};
Point(22) = {0.691155, 0.082776, 0, 0.05};
Point(23) = {0.6326745, 0.085662, 0, 0.05};
Point(24) = {0.5749155, 0.087873, 0, 0.05};
Point(25) = {0.518238, 0.0893355, 0, 0.05};
Point(26) = {0.462987, 0.089982, 0, 0.05};
Point(27) = {0.4095075, 0.0897615, 0, 0.05};
Point(28) = {0.3581265, 0.088632, 0, 0.05};
Point(29) = {0.3091605, 0.086568, 0, 0.05};
Point(30) = {0.262914, 0.083562, 0, 0.05};
Point(31) = {0.2196705, 0.0796245, 0, 0.05};
Point(32) = {0.1796955, 0.074781, 0, 0.05};
Point(33) = {0.143238, 0.0690735, 0, 0.05};
Point(34) = {0.11052, 0.0625575, 0, 0.05};
Point(35) = {0.0817455, 0.0553005, 0, 0.05};
Point(36) = {0.05709, 0.04737, 0, 0.05};
Point(37) = {0.036708, 0.0388395, 0, 0.05};
Point(38) = {0.0207225, 0.029781, 0, 0.05};
Point(39) = {0.009234, 0.0202545, 0, 0.05};
Point(40) = {0.0023115, 0.0103155, 0, 0.05};
Point(41) = {0.0, 0.0, 0, 0.05};
Point(42) = {0.0023115, -0.0103155, 0, 0.05};
Point(43) = {0.009234, -0.0202545, 0, 0.05};
Point(44) = {0.0207225, -0.029781, 0, 0.05};
Point(45) = {0.036708, -0.0388395, 0, 0.05};
Point(46) = {0.05709, -0.04737, 0, 0.05};
Point(47) = {0.0817455, -0.0553005, 0, 0.05};
Point(48) = {0.11052, -0.0625575, 0, 0.05};
Point(49) = {0.143238, -0.0690735, 0, 0.05};
Point(50) = {0.1796955, -0.074781, 0, 0.05};
Point(51) = {0.2196705, -0.0796245, 0, 0.05};
Point(52) = {0.262914, -0.083562, 0, 0.05};
Point(53) = {0.3091605, -0.086568, 0, 0.05};
Point(54) = {0.3581265, -0.088632, 0, 0.05};
Point(55) = {0.4095075, -0.0897615, 0, 0.05};
Point(56) = {0.462987, -0.089982, 0, 0.05};
Point(57) = {0.518238, -0.0893355, 0, 0.05};
Point(58) = {0.5749155, -0.087873, 0, 0.05};
Point(59) = {0.6326745, -0.085662, 0, 0.05};
Point(60) = {0.691155, -0.082776, 0, 0.05};
Point(61) = {0.75, -0.079293, 0, 0.05};
Point(62) = {0.808845, -0.075294, 0, 0.05};
Point(63) = {0.8673255, -0.070863, 0, 0.05};
Point(64) = {0.9250845, -0.0660825, 0, 0.05};
Point(65) = {0.981762, -0.061029, 0, 0.05};
Point(66) = {1.037013, -0.055782, 0, 0.05};
Point(67) = {1.0904925, -0.050415, 0, 0.05};
Point(68) = {1.1418735, -0.045, 0, 0.05};
Point(69) = {1.1908395, -0.0396075, 0, 0.05};
Point(70) = {1.237086, -0.0343035, 0, 0.05};
Point(71) = {1.2803295, -0.029157, 0, 0.05};
Point(72) = {1.3203045, -0.024237, 0, 0.05};
Point(73) = {1.356762, -0.0196065, 0, 0.05};
Point(74) = {1.38948, -0.0153315, 0, 0.05};
Point(75) = {1.4182545, -0.0114765, 0, 0.05};
Point(76) = {1.44291, -0.0080985, 0, 0.05};
Point(77) = {1.463292, -0.0052515, 0, 0.05};
Point(78) = {1.4792775, -0.002985, 0, 0.05};
Point(79) = {1.490766, -0.0013365, 0, 0.05};
Point(80) = {1.4976885, -0.000336, 0, 0.05};
Point(81) = {1.5, 0.0, 0, 0.05};
Spline(1) = {1, 2, 3, 4, 5, 6, 7, 8, 9, 10, 11, 12, 13, 14, 15, 16, 17, 18, 19, 20, 21, 22, 23, 24, 25, 26, 27, 28, 29, 30, 31, 32, 33, 34, 35, 36, 37, 38, 39, 40, 41, 42, 43, 44, 45, 46, 47, 48, 49, 50, 51, 52, 53, 54, 55, 56, 57, 58, 59, 60, 61, 62, 63, 64, 65, 66, 67, 68, 69, 70, 71, 72, 73, 74, 75, 76, 77, 78, 79, 80, 81};
//+
Point(82) = {-1, 15, 0, 1.0};
//+
Point(83) = {-1, -15, 0, 1.0};
//+
Circle(2) = {82, 41, 83};
